<?xml version="1.0"?>
<opencv_storage>
<calibration_Time>"12/02/14 20:22:36"</calibration_Time>
<nrOfFrames>10</nrOfFrames>
<image_Width>640</image_Width>
<image_Height>480</image_Height>
<board_Width>9</board_Width>
<board_Height>6</board_Height>
<square_Size>26.</square_Size>
<FixAspectRatio>1.</FixAspectRatio>
<!-- flags:  +fix_aspectRatio +fix_principal_point +zero_tangent_dist -->
<flagValue>14</flagValue>
<Camera_Matrix type_id="opencv-matrix">
  <rows>3</rows>
  <cols>3</cols>
  <dt>d</dt>
  <data>
    6.9875378110468978e+002 0. 3.1950000000000000e+002 0.
    6.9875378110468978e+002 2.3950000000000000e+002 0. 0. 1.</data></Camera_Matrix>
<Distortion_Coefficients type_id="opencv-matrix">
  <rows>5</rows>
  <cols>1</cols>
  <dt>d</dt>
  <data>
    4.8114945827287106e-002 -8.8297176230358698e-001 0. 0.
    1.6797849751989797e+000</data></Distortion_Coefficients>
<Avg_Reprojection_Error>2.9047181819222995e-001</Avg_Reprojection_Error>
<Per_View_Reprojection_Errors type_id="opencv-matrix">
  <rows>10</rows>
  <cols>1</cols>
  <dt>f</dt>
  <data>
    2.90749043e-001 3.08989942e-001 2.89965540e-001 2.73695976e-001
    2.90164232e-001 2.67012477e-001 2.93670714e-001 3.08769464e-001
    2.77220666e-001 3.01357180e-001</data></Per_View_Reprojection_Errors>
<!-- a set of 6-tuples (rotation vector + translation vector) for each view -->
<Extrinsic_Parameters type_id="opencv-matrix">
  <rows>10</rows>
  <cols>6</cols>
  <dt>d</dt>
  <data>
    8.9617630178072602e-002 1.2413613943874942e-001
    3.0157160162202001e+000 5.1712107445716093e+001
    8.4788647033849614e+001 4.2768348588230009e+002
    9.9013520300411648e-002 1.3526051465748937e-001
    3.0127099891241804e+000 5.1789773714369730e+001
    8.3502645443486429e+001 4.2771517845562090e+002
    1.0754055662057198e-001 1.3900450741639217e-001
    3.0046629133777345e+000 4.9880039365097886e+001
    8.2982146981914369e+001 4.2492524754835159e+002
    1.0301827702736464e-001 1.2617992083202739e-001
    2.9998328348613770e+000 4.7955956051109069e+001
    8.3526115715402952e+001 4.2371090856633299e+002
    1.0900219439537619e-001 1.2984745910466194e-001
    3.0008729207359268e+000 4.8021487141441277e+001
    8.3963191509313191e+001 4.2238364666908387e+002
    1.2470945157989477e-001 1.4036974144079398e-001
    2.9968074924687254e+000 4.4782118639041371e+001
    8.3610606694218475e+001 4.2589534587435475e+002
    1.2667174105639836e-001 1.2816412077103570e-001
    2.9967058653882166e+000 4.3503595120079915e+001
    8.2918527943322275e+001 4.2675219614809885e+002
    1.2009825759665520e-001 1.3595378325254223e-001
    2.9979706022253154e+000 4.3715710462749868e+001
    8.1708522652820520e+001 4.2656238732585916e+002
    1.2262657824991238e-001 1.3417821827558907e-001
    2.9959623866883303e+000 4.2812701196248746e+001
    8.1782530753684398e+001 4.2551194950575933e+002
    1.4002155932004662e-001 1.3523114500063790e-001
    2.9916704605593818e+000 4.0204553693472157e+001
    8.2874313964340971e+001 4.2706173599921152e+002</data></Extrinsic_Parameters>
<Image_points type_id="opencv-matrix">
  <rows>10</rows>
  <cols>54</cols>
  <dt>"2f"</dt>
  <data>
    4.04167450e+002 3.77750580e+002 3.62017731e+002 3.82445648e+002
    3.20127228e+002 3.87516296e+002 2.77577118e+002 3.92263123e+002
    2.36321991e+002 3.96941376e+002 1.95558746e+002 4.01399780e+002
    1.55036850e+002 4.05664276e+002 1.15287041e+002 4.09561707e+002
    7.64584503e+001 4.13621704e+002 3.98740051e+002 3.35419067e+002
    3.56771240e+002 3.40222931e+002 3.14818756e+002 3.45442749e+002
    2.73070374e+002 3.50271423e+002 2.31870407e+002 3.54968506e+002
    1.91144287e+002 3.59596527e+002 1.50798843e+002 3.64198120e+002
    1.11295952e+002 3.68693115e+002 7.24823837e+001 3.72868835e+002
    3.93142487e+002 2.93570465e+002 3.51344910e+002 2.98361420e+002
    3.09833771e+002 3.03689697e+002 2.68180756e+002 3.08566406e+002
    2.27287598e+002 3.13229156e+002 1.87005630e+002 3.18473480e+002
    1.46640930e+002 3.22884918e+002 1.07173088e+002 3.27841309e+002
    6.81586761e+001 3.32275848e+002 3.87630188e+002 2.51927704e+002
    3.46382965e+002 2.56675323e+002 3.04860352e+002 2.62088745e+002
    2.64169312e+002 2.67363861e+002 2.23228867e+002 2.72094971e+002
    1.83008026e+002 2.76967804e+002 1.42435410e+002 2.82212585e+002
    1.02926796e+002 2.86576172e+002 6.45224304e+001 2.91775848e+002
    3.82619568e+002 2.10854416e+002 3.41652344e+002 2.15918594e+002
    3.00384644e+002 2.20861343e+002 2.59161835e+002 2.26166641e+002
    2.18971176e+002 2.31655899e+002 1.78475800e+002 2.36541656e+002
    1.38748917e+002 2.41398056e+002 9.93351593e+001 2.46683899e+002
    6.06976662e+001 2.51477661e+002 3.77605743e+002 1.69721252e+002
    3.36302826e+002 1.75030090e+002 2.95303009e+002 1.80595276e+002
    2.54468948e+002 1.85544281e+002 2.14006638e+002 1.90577438e+002
    1.74244080e+002 1.95973969e+002 1.34226608e+002 2.01514191e+002
    9.58017502e+001 2.06549927e+002 5.75971184e+001 2.11613846e+002
    4.04087036e+002 3.75922546e+002 3.62078857e+002 3.80725342e+002
    3.20305206e+002 3.85285583e+002 2.77963318e+002 3.90739990e+002
    2.36788422e+002 3.95245758e+002 1.95940826e+002 3.99840485e+002
    1.55737778e+002 4.03873718e+002 1.16057640e+002 4.08502838e+002
    7.75667648e+001 4.12215973e+002 3.98533325e+002 3.33540649e+002
    3.56790680e+002 3.38404388e+002 3.15035919e+002 3.43161957e+002
    2.73473511e+002 3.48602722e+002 2.32143097e+002 3.53262268e+002
    1.91919678e+002 3.57920807e+002 1.51414032e+002 3.62688049e+002
    1.11893112e+002 3.67125458e+002 7.32100830e+001 3.71552307e+002
    3.92988831e+002 2.91649475e+002 3.51231995e+002 2.96576324e+002
    3.09867920e+002 3.01382568e+002 2.68359619e+002 3.06900330e+002
    2.27806503e+002 3.11640717e+002 1.87403320e+002 3.16433899e+002
    1.47580475e+002 3.21667664e+002 1.08413345e+002 3.26226379e+002
    6.94737167e+001 3.30911285e+002 3.87260132e+002 2.49917221e+002
    3.46247955e+002 2.55105316e+002 3.04888794e+002 2.60317169e+002
    2.64318359e+002 2.65133606e+002 2.23436050e+002 2.70683380e+002
    1.83543121e+002 2.75517090e+002 1.43402451e+002 2.80356537e+002
    1.03654579e+002 2.85661621e+002 6.60974579e+001 2.90249847e+002
    3.81896210e+002 2.08600250e+002 3.41328430e+002 2.14065460e+002
    3.00357635e+002 2.19553894e+002 2.59271545e+002 2.24624908e+002
    2.19366165e+002 2.29637054e+002 1.79306702e+002 2.35069931e+002
    1.39299194e+002 2.40479355e+002 1.00090279e+002 2.45353058e+002
    6.15832329e+001 2.50232834e+002 3.76765747e+002 1.68385620e+002
    3.35996185e+002 1.73496582e+002 2.95137177e+002 1.78648132e+002
    2.54541763e+002 1.84009857e+002 2.14227982e+002 1.89667953e+002
    1.74759933e+002 1.94712067e+002 1.35440338e+002 2.00033783e+002
    9.68087769e+001 2.05351959e+002 5.86058807e+001 2.10924667e+002
    4.01563690e+002 3.75884399e+002 3.59354401e+002 3.81223663e+002
    3.16876190e+002 3.86099030e+002 2.74781647e+002 3.91300568e+002
    2.33578476e+002 3.96744476e+002 1.92748459e+002 4.01384033e+002
    1.52421768e+002 4.05867981e+002 1.12584808e+002 4.10452850e+002
    7.42886200e+001 4.14743256e+002 3.95561371e+002 3.33297028e+002
    3.53640442e+002 3.38514099e+002 3.11587646e+002 3.43553345e+002
    2.69745911e+002 3.49095306e+002 2.28849243e+002 3.54537903e+002
    1.88043137e+002 3.59387268e+002 1.47905533e+002 3.64231018e+002
    1.08505341e+002 3.69409332e+002 6.96859818e+001 3.73564697e+002
    3.89767639e+002 2.91199554e+002 3.47919220e+002 2.96498718e+002
    3.06432465e+002 3.01650116e+002 2.64792145e+002 3.07209015e+002
    2.23772598e+002 3.12848419e+002 1.83820755e+002 3.17825745e+002
    1.43445068e+002 3.22975037e+002 1.04023956e+002 3.28050781e+002
    6.54233627e+001 3.33184448e+002 3.83915039e+002 2.49464340e+002
    3.42303375e+002 2.54726822e+002 3.01140533e+002 2.60389099e+002
    2.59967834e+002 2.65594452e+002 2.19628189e+002 2.71065338e+002
    1.79216324e+002 2.76770691e+002 1.39186081e+002 2.82081543e+002
