<?xml version="1.0"?>
<opencv_storage>
<calibration_Time>"So 15 Feb 2015 13:39:47 CET"</calibration_Time>
<nrOfFrames>15</nrOfFrames>
<image_Width>1280</image_Width>
<image_Height>720</image_Height>
<board_Width>9</board_Width>
<board_Height>6</board_Height>
<square_Size>26.</square_Size>
<FixAspectRatio>1.</FixAspectRatio>
<!-- flags:  +fix_aspectRatio +fix_principal_point +zero_tangent_dist -->
<flagValue>14</flagValue>
<Camera_Matrix type_id="opencv-matrix">
  <rows>3</rows>
  <cols>3</cols>
  <dt>d</dt>
  <data>
    1.2081510888208411e+03 0. 6.3950000000000000e+02 0.
    1.2081510888208411e+03 3.5950000000000000e+02 0. 0. 1.</data></Camera_Matrix>
<Distortion_Coefficients type_id="opencv-matrix">
  <rows>5</rows>
  <cols>1</cols>
  <dt>d</dt>
  <data>
    -1.3627893730277085e+00 3.1407552952258637e+00 0. 0.
    -2.9201666961563024e+00</data></Distortion_Coefficients>
<Avg_Reprojection_Error>2.2065666812331703e+00</Avg_Reprojection_Error>
<Per_View_Reprojection_Errors type_id="opencv-matrix">
  <rows>15</rows>
  <cols>1</cols>
  <dt>f</dt>
  <data>
    1.31253755e+00 4.65133667e+00 1.52540159e+00 1.71896660e+00
    1.52322793e+00 1.25494456e+00 2.29941392e+00 1.37070906e+00
    1.41554546e+00 1.67893517e+00 4.08217859e+00 1.24401343e+00
    1.25266004e+00 2.08172297e+00 2.09674382e+00</data></Per_View_Reprojection_Errors>
<!-- a set of 6-tuples (rotation vector + translation vector) for each view -->
<Extrinsic_Parameters type_id="opencv-matrix">
  <rows>15</rows>
  <cols>6</cols>
  <dt>d</dt>
  <data>
    -5.9712910046637813e-01 -1.3097482130917087e-01
    2.0313650967760002e+00 -4.0024484096581131e+02
    -3.1033857454654924e+02 1.3103916684925568e+03
    -5.6369397515420772e-01 -1.3346751599313744e+00
    1.9174153611750191e+00 -8.0701565929811454e+02
    -4.9693785746851023e+02 1.6099576393359148e+03
    -7.4848464171667939e-01 2.3533250234027935e-02
    1.1052637491075252e+00 -4.3332825972765863e+02
    1.5131725894306413e+02 1.2167827922351105e+03
    -5.3343327878957181e-01 2.9468216803738917e-01
    1.0943400650902639e+00 -2.0056697112499273e+02
    -7.4750144190909950e+01 1.0252676531503223e+03
    -2.8404826010452489e-01 -9.5681456603687182e-02
    1.3285377582440794e+00 -9.7083900713245086e+00
    -3.2861807844043526e+01 1.0878810569430339e+03
    -4.2024592560385132e-01 -2.2367238207244661e-01
    3.8835550158695564e-01 9.7012980097267501e+01 5.0944519898509810e+01
    9.2670625114307154e+02 -5.7850577177398321e-01
    5.8956975958151492e-01 1.3967360364415049e+00
    -2.4713467791661202e+02 3.1585515873206880e+01
    8.4920816900778493e+02 -5.7126264684594485e-01
    8.4045296563956540e-02 1.0294468779819679e+00
    -2.0600731187284359e+02 -2.3523924517500973e+02
    9.1106412911167433e+02 -4.4191950221385590e-01
    1.4289725359409008e-01 1.0754807546728025e+00
    -4.1427140405166892e+02 1.7377049067237873e+01
    9.8275469647178375e+02 -3.8618510649428051e-01
    2.2244378730862269e-01 1.0608876848678950e+00
    -4.8877760043172816e+02 -7.8996018446909318e+01
    1.0095347308852857e+03 -1.5052184293457527e-01
    4.8547926072732686e-02 1.2340838310309870e+00 3.7805342769312830e+02
    -2.4373110554954488e+02 6.8808597945420854e+02
    -4.5429400578791607e-01 -8.9749021250991410e-04
    1.2939964327488829e+00 2.3138625433564863e+02
    -2.1569269759314733e+02 8.8549805429282776e+02
    -4.7493153526026216e-01 2.2533629985458749e-02
    1.2274891577046134e+00 2.0192784326508624e+02
    -2.8358805589523166e+02 9.1183367470358166e+02
    -6.4889640931981196e-01 2.4642055705982729e-01
    1.1502632991084041e+00 -4.1483149074138232e+01
    -2.1491594245279643e+02 9.2117076681771653e+02
    -4.3261838636698852e-01 2.5082394119848783e-03
    1.2433357543364936e+00 9.6967571925645235e-01
    -1.3094683682165530e+02 8.4925296923181088e+02</data></Extrinsic_Parameters>
<Image_points type_id="opencv-matrix">
  <rows>15</rows>
  <cols>54</cols>
  <dt>"2f"</dt>
  <data>
    3.21179718e+02 1.17312790e+02 3.11416321e+02 1.31641266e+02
    3.01126648e+02 1.46458221e+02 2.91082092e+02 1.62036438e+02
    2.80584503e+02 1.77834763e+02 2.70298553e+02 1.94309769e+02
    2.59814148e+02 2.11283875e+02 2.49640823e+02 2.28689346e+02
    2.39550491e+02 2.46558426e+02 3.07675964e+02 1.07306511e+02
    2.97532501e+02 1.21394646e+02 2.87303650e+02 1.36275452e+02
    2.76532074e+02 1.51927139e+02 2.66008118e+02 1.67983200e+02
    2.55337845e+02 1.84346359e+02 2.44744354e+02 2.01503830e+02
    2.34354904e+02 2.18841812e+02 2.24006653e+02 2.36845871e+02
    2.94130951e+02 9.67610245e+01 2.83735016e+02 1.11240433e+02
    2.72904266e+02 1.26211678e+02 2.61976837e+02 1.41997498e+02
    2.51155609e+02 1.57913818e+02 2.40431061e+02 1.74484406e+02
    2.29661469e+02 1.91460052e+02 2.18912048e+02 2.09120041e+02
    2.08401520e+02 2.27194061e+02 2.80658691e+02 8.66577301e+01
    2.69444824e+02 1.01033722e+02 2.58426239e+02 1.16308128e+02
    2.47185760e+02 1.32043777e+02 2.36105896e+02 1.48108246e+02
    2.25152802e+02 1.64631760e+02 2.14296844e+02 1.81691818e+02
    2.03403900e+02 1.99275940e+02 1.92713562e+02 2.17403030e+02
    2.66326691e+02 7.70117188e+01 2.55302933e+02 9.13260803e+01
    2.43906998e+02 1.06300880e+02 2.32544464e+02 1.22113472e+02
    2.21120834e+02 1.38337341e+02 2.10144424e+02 1.54866379e+02
    1.98977295e+02 1.71944412e+02 1.87973190e+02 1.89723297e+02
    1.76892105e+02 2.07825027e+02 2.52340302e+02 6.76094589e+01
    2.40761612e+02 8.20015106e+01 2.29450165e+02 9.67016830e+01
    2.17711273e+02 1.12381996e+02 2.06237823e+02 1.28641876e+02
    1.95151947e+02 1.45037231e+02 1.83774460e+02 1.62305161e+02
    1.72303055e+02 1.80103500e+02 1.61156113e+02 1.98552917e+02
    1.55803894e+02 6.37360344e+01 1.51420242e+02 7.48894958e+01
    1.45621109e+02 9.10166245e+01 1.38808197e+02 1.02933800e+02
    1.27806831e+02 1.13775269e+02 1.17922272e+02 1.25291618e+02
    1.11995262e+02 1.40364792e+02 1.02356575e+02 1.52659912e+02
    9.32218323e+01 1.66012939e+02 1.54803940e+02 6.29792824e+01
    1.49691055e+02 7.48063736e+01 1.38322510e+02 8.59308548e+01
    1.36734207e+02 1.01639992e+02 1.21406105e+02 1.10276268e+02
    1.13813400e+02 1.23361511e+02 1.00536942e+02 1.33436417e+02
    1.00399818e+02 1.51470245e+02 8.41770020e+01 1.59941391e+02
    1.51610474e+02 5.76930122e+01 1.36128967e+02 6.80059509e+01
    1.33336975e+02 8.07759781e+01 1.15614967e+02 8.94212418e+01
    1.19211159e+02 1.09219009e+02 9.94202805e+01 1.14543648e+02
    9.89361115e+01 1.32356781e+02 8.29947433e+01 1.41344437e+02
    8.27682495e+01 1.59011795e+02 1.35738113e+02 5.12952652e+01
    1.32188141e+02 6.29053802e+01 1.16682152e+02 7.36738434e+01
    1.10413040e+02 8.64940109e+01 9.60734482e+01 9.58401413e+01
    9.73247452e+01 1.12420280e+02 7.93476639e+01 1.20640930e+02
    8.17092819e+01 1.40584335e+02 6.34898109e+01 1.48470535e+02
    1.26500969e+02 4.55269089e+01 1.13456696e+02 5.34477272e+01
    1.15649879e+02 7.29164810e+01 9.71278152e+01 7.93157883e+01
    9.41119537e+01 9.40897369e+01 7.90849533e+01 1.03573875e+02
    6.93204269e+01 1.16165779e+02 6.21016655e+01 1.30340210e+02
    5.79393463e+01 1.45905594e+02 1.17700325e+02 4.26694565e+01
    1.12591187e+02 5.27656097e+01 9.82632141e+01 6.36862946e+01
    9.55869217e+01 7.73039474e+01 8.11642761e+01 8.85530777e+01
    7.78891907e+01 1.02790878e+02 6.43219452e+01 1.13422050e+02
    6.05482292e+01 1.29598007e+02 4.75684776e+01 1.40529251e+02
    2.70269287e+02 4.92619202e+02 2.77262360e+02 5.10061371e+02
    2.84601837e+02 5.27954102e+02 2.92548157e+02 5.46307495e+02
    3.00626404e+02 5.65107788e+02 3.09079712e+02 5.84152832e+02
    3.17828186e+02 6.03613708e+02 3.27204285e+02 6.23237793e+02
    3.36829407e+02 6.42636658e+02 2.52654114e+02 4.96451752e+02
    2.59705566e+02 5.13939819e+02 2.66861603e+02 5.32275208e+02
    2.74532379e+02 5.51335266e+02 2.82624603e+02 5.70284851e+02
    2.91185425e+02 5.89635315e+02 3.00041687e+02 6.09525269e+02
    3.09364777e+02 6.29450500e+02 3.18999115e+02 6.49423157e+02
