<?xml version="1.0"?>
<opencv_storage>
<calibration_Time>"Di 17 Feb 2015 14:31:36 CET"</calibration_Time>
<nrOfFrames>27</nrOfFrames>
<image_Width>1280</image_Width>
<image_Height>720</image_Height>
<board_Width>9</board_Width>
<board_Height>6</board_Height>
<square_Size>26.</square_Size>
<FixAspectRatio>1.</FixAspectRatio>
<!-- flags:  +fix_aspectRatio +fix_principal_point +zero_tangent_dist -->
<flagValue>14</flagValue>
<Camera_Matrix type_id="opencv-matrix">
  <rows>3</rows>
  <cols>3</cols>
  <dt>d</dt>
  <data>
    9.7949794570101108e+02 0. 6.3950000000000000e+02 0.
    9.7949794570101108e+02 3.5950000000000000e+02 0. 0. 1.</data></Camera_Matrix>
<Distortion_Coefficients type_id="opencv-matrix">
  <rows>5</rows>
  <cols>1</cols>
  <dt>d</dt>
  <data>
    -5.9545814460412250e-01 6.9739908481988899e-01 0. 0.
    -5.1613781038538864e-01</data></Distortion_Coefficients>
<Avg_Reprojection_Error>7.4215136599298170e-01</Avg_Reprojection_Error>
<Per_View_Reprojection_Errors type_id="opencv-matrix">
  <rows>27</rows>
  <cols>1</cols>
  <dt>f</dt>
  <data>
    4.49659169e-01 6.45243764e-01 6.00249171e-01 9.29288030e-01
    5.26834249e-01 9.56311226e-01 5.39794207e-01 5.46094537e-01
    1.37059104e+00 1.20279181e+00 6.34314537e-01 4.94619012e-01
    8.29366148e-01 7.71721303e-01 7.47607172e-01 6.82344258e-01
    6.71770632e-01 6.80083275e-01 7.46540904e-01 7.48587310e-01
    5.55792332e-01 5.56540549e-01 6.59260690e-01 6.64555311e-01
    7.73084521e-01 7.67745972e-01 5.03557205e-01</data></Per_View_Reprojection_Errors>
<!-- a set of 6-tuples (rotation vector + translation vector) for each view -->
<Extrinsic_Parameters type_id="opencv-matrix">
  <rows>27</rows>
  <cols>6</cols>
  <dt>d</dt>
  <data>
    6.0105497336240446e-02 -2.0856516695761371e-01
    -1.6803349200245472e+00 -3.9577341589678213e+01
    2.9354537411280256e+02 9.2598844985138749e+02
    -1.2368075646117795e-01 1.9063891372054793e-03
    -3.4103725233022242e-01 2.8195478987581879e+02
    -1.7042011626673290e+01 1.0072919542405673e+03
    -3.5570335783219470e-02 -9.9603453099241623e-02
    -4.1369488921224790e-01 3.4367194312313751e+02
    8.5203120316908226e+01 1.0150280443531072e+03
    -2.5807595190430643e-01 8.0968959874322954e-02
    -1.3649562979881152e-01 2.8423529279441425e+02
    1.7052361169020543e+02 9.6758057976223574e+02
    -2.2609017251849928e-01 -3.6675511045638917e-02
    -8.8912150267260334e-02 3.0233209184877268e+02
    1.7158577771122785e+02 9.7307280323861426e+02
    -1.0470952216474616e-01 8.2289208336743455e-02
    -6.1513221180492894e-01 2.0704098601666365e+02
    -1.0644070240179289e+02 1.0095879028000426e+03
    1.5451636921669690e-01 5.7100133846307155e-01
    -7.6727325223676301e-01 1.9647939306060610e+02
    -9.2073011417110791e+01 1.0252733858001907e+03
    9.6609920423538387e-02 5.0758805806239582e-01
    -7.1674857076611809e-01 1.8535987424391575e+02
    -2.3105996746815682e+00 9.9971286344024440e+02
    -1.2109027821988745e-01 2.1220209307814580e-01
    -3.7696518807867063e-01 1.8664585006168562e+02
    -1.0777425078108678e+01 9.9187783304610900e+02
    -3.1130242671092778e-01 -3.0327002126134867e-01
    -2.8449407413487371e-01 -5.4579826946193009e+02
    3.4213943964253801e+01 8.9027052445931508e+02
    -3.3914415912942214e-01 -2.0395567460933384e-01
    -6.4387574963676397e-01 -5.9757698039647369e+02
    2.1506287093704501e+02 9.0656453676830029e+02
    -2.5824296112502843e-01 -2.8311301282841508e-02
    -7.0874686425419586e-01 -6.2428251361268269e+02
    2.5619571053328292e+02 9.6562702928380338e+02 1.0767535155807785e-01
    2.9318321752991988e-01 -4.3614397272495992e-01
    -5.7930294683037104e+01 8.8568367747757108e+01
    9.2345109415208185e+02 -3.7302503618895338e-01
    -1.3751729706046555e-02 -4.4838668330379555e-01
    -2.3224576487248808e+02 1.8884363421928651e+02
    8.9634208248230323e+02 -3.6827494933140759e-01
    -1.1807343777322076e-02 -4.4623303664449865e-01
    -2.3276395665195528e+02 1.8973389620749506e+02
    8.9818043632852482e+02 1.6809548272508981e-01
    -7.0227958762780068e-02 -3.1486071894596163e-01
    -2.3609512420693881e+02 1.5685690031736530e+02
    9.0740843779841146e+02 1.6505418783578646e-01
    -6.8701184290943421e-02 -3.1425725187584208e-01
    -2.3625805025337374e+02 1.5653307182980399e+02
    9.0812404867211944e+02 1.9273722972683133e-01
    -1.0950982203546621e-01 -3.4591174545679781e-01
    -1.3585374633827851e+02 2.0016810044594408e+02
    9.0065471741002989e+02 -3.8277232748325080e-01
    -1.1945549898322295e-01 -3.0716800225556345e-01
    -3.0070789856843476e+01 -1.0654590770790973e+02
    9.7844049006169371e+02 -3.8464808182173460e-01
    -1.1913455085474756e-01 -3.0747042974121153e-01
    -3.0175424022933182e+01 -1.0676283191863644e+02
    9.7827692591592188e+02 -2.0280672936297331e-01
    -1.4316602105136650e-01 -2.9431970557195491e-01
    -2.5023251792875019e+01 -9.3160256332327648e+01
    9.8740282772084731e+02 -2.0265466923896128e-01
    -1.4373325950114679e-01 -2.9433617402763995e-01
    -2.5023020010704276e+01 -9.3139196278136765e+01
    9.8723980318932877e+02 -1.8356468340428039e-01
    -2.3238450012647510e-01 -1.2125703626115804e-01
    1.7491994537234339e+02 -7.4661303541752716e+01
    1.0025720878106413e+03 -1.8360974601508206e-01
    -2.3239263669644530e-01 -1.2122350647240551e-01
    1.7488769453680797e+02 -7.4675124609240214e+01
    1.0024649919288088e+03 -1.2301044220840116e-01
    1.1679697279165441e-01 -2.0848829820631934e-01
    -4.6793244364359361e+02 1.2704921810092277e+02
    9.9447686739329208e+02 -1.2329598189879230e-01
    1.1669077257464633e-01 -2.0848969348321608e-01
    -4.6793775743798091e+02 1.2705472018270275e+02
    9.9449883171582235e+02 -7.1641228855689951e-02
    -6.4324981698185069e-02 -2.6031088529982555e-01
    -1.7730354796770862e+02 1.4738032063708965e+02
    9.4631218715299610e+02</data></Extrinsic_Parameters>
