<?xml version="1.0"?>
<opencv_storage>
<calibration_Time>"Mi 18 Feb 2015 18:29:53 CET"</calibration_Time>
<nrOfFrames>26</nrOfFrames>
<image_Width>1920</image_Width>
<image_Height>1080</image_Height>
<board_Width>8</board_Width>
<board_Height>5</board_Height>
<square_Size>100.</square_Size>
<FixAspectRatio>1.</FixAspectRatio>
<!-- flags:  +fix_aspectRatio +fix_principal_point +zero_tangent_dist -->
<flagValue>14</flagValue>
<Camera_Matrix type_id="opencv-matrix">
  <rows>3</rows>
  <cols>3</cols>
  <dt>d</dt>
  <data>
    1.2725030554932357e+03 0. 9.5950000000000000e+02 0.
    1.2725030554932357e+03 5.3950000000000000e+02 0. 0. 1.</data></Camera_Matrix>
<Distortion_Coefficients type_id="opencv-matrix">
  <rows>5</rows>
  <cols>1</cols>
  <dt>d</dt>
  <data>
    -3.7384753358877865e-01 2.2536903785246259e-01 0. 0.
    -9.0182761707224723e-02</data></Distortion_Coefficients>
<Avg_Reprojection_Error>5.8858710679160808e-01</Avg_Reprojection_Error>
<Per_View_Reprojection_Errors type_id="opencv-matrix">
  <rows>26</rows>
  <cols>1</cols>
  <dt>f</dt>
  <data>
    3.56490761e-01 2.81900406e-01 2.59931833e-01 4.84303564e-01
    3.75018895e-01 2.20777079e-01 6.94731593e-01 5.85211515e-01
    1.88458014e+00 3.69488358e-01 6.99122071e-01 5.46685815e-01
    3.06672901e-01 4.47481722e-01 5.00995219e-01 4.61231589e-01
    4.72486198e-01 5.01579762e-01 5.07335186e-01 5.64101219e-01
    4.50641423e-01 4.43506628e-01 4.68588322e-01 4.56240445e-01
    4.67786759e-01 3.91860992e-01</data></Per_View_Reprojection_Errors>
<!-- a set of 6-tuples (rotation vector + translation vector) for each view -->
<Extrinsic_Parameters type_id="opencv-matrix">
  <rows>26</rows>
  <cols>6</cols>
  <dt>d</dt>
  <data>
    -4.4001218368496769e-02 3.2341033473738945e-01
    -2.8014726298440387e+00 7.3802853323256466e+02
    4.9995013691954807e+02 1.9177276807871167e+03
    -2.2048386926141783e-01 1.6391044113240152e-01
    -2.3194407324495407e+00 -1.0882557493870920e+02
    4.7873681523577051e+02 1.8559666951847069e+03
    -2.3371119694601383e-01 1.3724987862217439e-01
    -2.3273060438067197e+00 9.8660446826514786e+01
    4.3721901101559916e+02 1.7993692204936910e+03
    -3.4736822467941963e-01 -6.8620403657646323e-02
    -1.5889871770986310e+00 2.5102035840786007e+02
    4.4509861406351092e+02 1.6832287611770575e+03 8.4803894336464292e-02
    -1.1957132850114956e-02 -1.1932773577258442e+00
    2.1157201894008264e+02 1.3650892826916274e+02 1.9414195060398331e+03
    5.7194544983605178e-01 7.1700513950425107e-02
    -4.9354048640392045e-01 2.3117200562901900e+02
    -3.1476446022386671e+02 1.6339750926309955e+03
    4.1959165520008432e-02 3.0925445589310541e-01
    -7.1889232001280046e-01 1.7944390824290309e+02
    -2.8861770600894545e+02 1.8748011133754760e+03
    -4.5034329618228863e-01 1.9684768793643043e-01
    -7.4643168981808083e-01 -2.2400362574926200e+02
    -2.0427505697222628e+02 1.8525469287775607e+03
    -5.3766504782440705e-01 2.4325759409484440e-01
    -7.6129686788053097e-01 -2.1310034595117688e+01
    -2.6780344238132875e+02 1.8520930984357462e+03
    6.5188025498797722e-02 -5.1999611406580354e-02
    -2.6350006798520720e-01 3.5734086184772451e+02
    -5.8495260623106037e+02 1.9102490250270796e+03
    -2.4010089384062097e-01 3.4201067047281909e-02
    -1.4859507755253480e+00 7.1288257040477788e+02
    1.2789382780280539e+02 1.7972242129414915e+03
    -1.8732327600497539e-01 -1.2985954409196723e-01
    -8.2476081356301445e-01 3.0442620398140264e+02
    3.7410834633362992e+02 1.7743060447000437e+03
    -1.0499464549815969e-01 -5.5426566822494205e-01
    7.3981869297990704e-03 8.3662639536810545e+01 9.9990414940672949e+01
    1.5181053339318339e+03 1.2999884949105528e-01
    -6.7981935116956027e-01 9.2161313188251359e-01
    1.4169217077504177e+02 -4.1386415239107004e+02
    1.4469812994026809e+03 1.5279602470033113e-02 4.5023807094705109e-01
    1.4536506651771401e+00 1.8193059829274051e+02
    -6.4032175905653702e+01 1.7181669726589305e+03
    1.0749957243586440e-02 3.8490423169151361e-01 1.7297702360355196e+00
    2.8436053454538012e+02 -2.6346496315750704e+02
    1.7293808658844860e+03 -3.8727736112277400e-01
    2.6789414822277483e-02 2.7255868431073291e+00 4.1767158765649931e+01
    2.9119109206257871e+01 1.8900663794690472e+03
    -2.4417649334259706e-01 5.2519850553007827e-02
    2.2452786102397506e+00 1.5812356301484391e+02 7.2492829411801466e+01
    1.9051494004495955e+03 -9.4228318930828531e-02
    3.9092741725704282e-02 1.5147688422810262e+00 3.8526255101362494e+02
    -5.9202818313174490e+01 1.9173719316478910e+03
    -4.7861218782932612e-02 7.8648809860354454e-02
    9.4473226017286838e-01 5.7424762306625428e+02
    -3.9737472442084538e+01 1.9159930170863418e+03
    1.7764822373823465e-02 2.1902590774686297e-02 5.4495741328470426e-01
    8.6240625602305056e+02 1.0245305703363969e+02 1.9398925440846024e+03
    1.2196254841136313e-01 7.8562199465733215e-02
    -1.0939568372925024e+00 -2.3731996736180011e+02
    -1.3315913493381601e+02 1.8998938496171356e+03
    1.0487322461985922e-01 4.8373599997711521e-02
    -7.9192401389033795e-01 3.7280521496052771e+01
    -3.3139731815663748e+02 1.9032928796784920e+03
    7.8090450392910488e-02 2.7755009588511487e-02
    -3.1661349436136182e-01 2.5597187032275883e+02
    -3.8458898281453401e+02 1.9080256011335973e+03
    6.4184857769796794e-02 2.3860261265379799e-02
    -1.9669691259394514e-03 2.8074817399296944e+02
    -2.8439059307270298e+02 1.9105155197163103e+03
    5.8613507070021678e-02 -5.0368877887516428e-02
    -1.1322044920931374e-02 7.3961410664102672e+01
    -2.5521364651728925e+02 1.9154904079946962e+03</data></Extrinsic_Parameters>
